#RPLIDAR SCAN DATA
#COUNT=624
#Angule	Distance	Quality
351.7493 6064.0 188
352.1558 6088.0 188
352.5458 6104.0 188
352.9523 6032.0 188
353.3423 6000.0 188
353.7488 6016.0 188
354.1388 6000.0 188
354.5453 6008.0 188
354.9353 5992.0 188
355.3418 5960.0 188
355.7318 5952.0 188
356.1383 5952.0 188
356.5283 5936.0 188
356.9348 5912.0 188
357.3248 5904.0 188
357.7313 5904.0 188
358.1213 5848.0 188
358.5278 5824.0 188
358.9178 5848.0 188
359.3243 5824.0 188
359.7144 5848.0 188
0.1208 5856.0 188
0.5109 5792.0 188
0.9174 5768.0 188
1.3074 5760.0 188
1.7139 5752.0 188
2.1094 5768.0 188
2.5104 5760.0 188
2.9059 5792.0 188
3.3124 5848.0 188
3.7024 5808.0 188
4.1089 5728.0 188
4.4989 5784.0 188
5.7019 5800.0 188
6.4984 8072.0 188
6.8884 8056.0 188
7.2949 8040.0 188
8.0914 7800.0 188
8.4979 7888.0 188
8.8879 7888.0 188
9.2944 7872.0 188
9.6844 7864.0 188
10.0909 7896.0 188
10.4810 7912.0 188
10.8875 7896.0 188
11.2775 7872.0 188
11.6840 7880.0 188
12.0740 7912.0 188
12.4805 7912.0 188
12.8705 7920.0 188
13.2770 7928.0 188
13.6670 7968.0 188
14.0735 7968.0 188
14.4635 7936.0 188
14.8700 7904.0 188
15.2655 7872.0 188
15.6665 7872.0 188
16.0620 7888.0 188
16.4685 7912.0 188
16.8585 7920.0 188
17.2650 7912.0 188
17.6550 7944.0 188
18.0615 7968.0 188
18.4515 7952.0 188
18.8580 7944.0 188
19.2480 7984.0 188
19.6545 8000.0 188
20.0446 7976.0 188
20.4510 7928.0 188
21.2476 7984.0 188
23.6371 8088.0 188
24.8236 8144.0 188
28.4216 8288.0 188
28.8116 8392.0 188
29.2181 8400.0 188
29.6082 8440.0 188
30.0146 8472.0 188
30.4047 8488.0 188
30.8112 8520.0 188
31.2012 8576.0 188
31.6077 8592.0 188
31.9977 8624.0 188
32.4042 8656.0 188
32.7942 8672.0 188
33.2007 8728.0 188
33.5907 8768.0 188
33.9972 8760.0 188
34.3872 8808.0 188
34.7772 8856.0 188
35.1837 8864.0 188
35.5737 8912.0 188
35.9802 8920.0 188
36.3702 8936.0 188
36.7767 8976.0 188
43.9343 3300.0 188
45.1373 3308.0 188
46.3239 8032.0 188
47.1204 7368.0 188
47.5104 7352.0 188
48.7134 3992.0 188
49.1089 4012.0 188
49.5154 4036.0 188
49.9054 4040.0 188
50.3119 4060.0 188
51.1084 3952.0 188
51.4984 3948.0 188
52.2949 4168.0 188
52.7014 4168.0 188
53.4814 4184.0 188
55.0745 6472.0 188
55.8710 6448.0 188
62.2485 6360.0 188
63.0450 6256.0 188
64.2316 5968.0 188
64.6381 5896.0 188
65.0281 5792.0 188
65.4346 5760.0 188
65.8246 5824.0 188
66.2311 5848.0 188
66.6376 5768.0 188
67.0441 5752.0 188
67.4506 5744.0 188
67.8406 5680.0 188
70.2631 4136.0 188
70.6696 4088.0 188
71.4825 4096.0 188
71.8890 4248.0 188
72.6855 4256.0 188
74.7015 2648.0 188
75.1080 2644.0 188
75.5145 2644.0 188
75.9210 2652.0 188
76.3275 2652.0 188
76.7340 2668.0 188
77.5305 2692.0 188
78.7500 5360.0 188
79.1400 5376.0 188
79.5465 5352.0 188
79.9530 5384.0 188
80.3540 5424.0 188
80.7605 5384.0 188
81.1670 5344.0 188
81.5625 5344.0 188
81.9635 5368.0 188
82.3700 5344.0 188
82.7765 5336.0 188
83.1830 5344.0 188
83.5895 5336.0 188
86.8085 5264.0 188
87.2150 5264.0 188
87.6215 5264.0 188
88.0280 5256.0 188
88.4180 5248.0 188
88.8245 5232.0 188
89.2310 5224.0 188
89.6375 5200.0 188
90.8405 5168.0 188
93.2629 3608.0 188
94.0759 5120.0 188
94.4824 5128.0 188
94.8889 5128.0 188
95.2789 5128.0 188
95.6854 5128.0 188
96.0919 5152.0 188
96.4984 5168.0 188
96.9049 5152.0 188
97.2949 5152.0 188
97.7014 5160.0 188
98.1079 5160.0 188
99.3274 5136.0 188
145.4810 7704.0 188
145.8875 7776.0 188
146.2775 7832.0 188
147.0905 4864.0 188
147.4805 4832.0 188
147.8870 4792.0 188
148.2935 4760.0 188
148.6835 4760.0 188
149.0900 4760.0 188
149.4965 4736.0 188
149.8865 4736.0 188
150.2930 4736.0 188
150.6995 4704.0 188
151.0895 4672.0 188
151.4960 4648.0 188
151.9025 4616.0 188
152.2925 4600.0 188
153.1055 4624.0 188
154.7150 6984.0 188
155.5115 7016.0 188
156.3080 7736.0 188
156.7145 7744.0 188
157.9175 7672.0 188
159.9170 7520.0 188
160.3235 7368.0 188
160.7300 7392.0 188
161.5265 7224.0 188
162.3230 7464.0 188
162.7295 7440.0 188
163.9325 7088.0 188
164.3390 7368.0 188
164.7290 7336.0 188
165.1355 7256.0 188
165.5420 7200.0 188
165.9375 7144.0 188
166.3385 7096.0 188
166.7450 7080.0 188
167.1405 7048.0 188
167.5415 7000.0 188
167.9480 6960.0 188
168.3545 6992.0 188
168.7500 7000.0 188
169.1510 6952.0 188
169.5575 6920.0 188
169.9530 6888.0 188
170.3540 6864.0 188
170.7605 6952.0 188
171.1560 7088.0 188
171.5625 7064.0 188
171.9635 6960.0 188
172.3590 6968.0 188
172.7655 6976.0 188
173.1665 6952.0 188
173.5620 6936.0 188
173.9685 6880.0 188
174.3750 6848.0 188
174.7650 6888.0 188
175.1715 6904.0 188
175.5780 6848.0 188
175.9680 6808.0 188
176.3745 6800.0 188
176.7810 6832.0 188
177.1710 6824.0 188
177.5775 6760.0 188
177.9840 6736.0 188
178.3740 6728.0 188
178.7805 6704.0 188
179.1870 6688.0 188
179.5770 6664.0 188
179.9835 6664.0 188
180.3900 6656.0 188
180.7965 6664.0 188
181.1865 6648.0 188
181.5930 6640.0 188
181.9995 6648.0 188
182.3895 6688.0 188
182.7960 6712.0 188
183.2025 6656.0 188
183.5925 6592.0 188
183.9990 6632.0 188
184.4055 6704.0 188
184.8120 6680.0 188
185.2020 6672.0 188
185.6085 6664.0 188
186.0150 6640.0 188
186.4050 6624.0 188
186.8115 6640.0 188
187.2180 6640.0 188
187.6080 6640.0 188
188.0145 6648.0 188
188.4210 6648.0 188
189.2175 6624.0 188
189.6240 6624.0 188
190.0305 6648.0 188
190.4205 6680.0 188
190.8270 6680.0 188
191.2335 6648.0 188
191.6235 6632.0 188
192.0300 6616.0 188
192.4365 6656.0 188
192.8265 6704.0 188
193.2330 6712.0 188
193.6395 6744.0 188
194.0460 6704.0 188
194.4360 6688.0 188
194.8425 6760.0 188
195.2490 6744.0 188
195.6390 6720.0 188
196.0455 6736.0 188
196.4520 6760.0 188
196.8420 6776.0 188
197.2485 6792.0 188
197.6550 6792.0 188
198.0615 6864.0 188
198.4515 6856.0 188
198.8580 6800.0 188
199.2645 6816.0 188
199.6545 6800.0 188
200.0610 6896.0 188
200.4675 6976.0 188
200.8575 6952.0 188
201.2640 6936.0 188
201.6705 6984.0 188
202.0605 7040.0 188
202.4670 7040.0 188
204.0765 6928.0 188
204.4830 6936.0 188
204.8730 7024.0 188
205.2795 7080.0 188
205.6860 7008.0 188
206.0760 7024.0 188
206.4825 7096.0 188
206.8890 7104.0 188
207.2955 7144.0 188
207.6855 7192.0 188
208.4985 7184.0 188
208.8885 6984.0 188
209.2950 7024.0 188
209.7015 7008.0 188
210.0916 7032.0 188
210.4980 7064.0 188
210.9045 7088.0 188
211.3110 7176.0 188
211.7010 7248.0 188
212.1075 7256.0 188
212.5140 7256.0 188
212.9041 7296.0 188
213.3105 7408.0 188
213.7170 7432.0 188
214.1071 7464.0 188
214.5135 7552.0 188
214.9200 7576.0 188
215.7166 7576.0 188
220.1385 6080.0 188
220.5286 6112.0 188
220.9351 6160.0 188
221.3251 6192.0 188
221.7316 6120.0 188
222.1216 6136.0 188
222.9181 6232.0 188
223.3246 5992.0 188
223.7311 5896.0 188
224.1211 5848.0 188
225.3241 5776.0 188
225.7141 5704.0 188
226.1206 5688.0 188
226.5106 5608.0 188
226.9171 5544.0 188
227.3236 5472.0 188
227.7136 5392.0 188
228.1201 5352.0 188
228.9166 5344.0 188
229.3121 5168.0 188
229.7186 5264.0 188
230.1086 5280.0 188
230.5151 5184.0 188
230.9216 5168.0 188
231.3116 5112.0 188
231.7181 5040.0 188
232.1082 4992.0 188
232.5146 4928.0 188
232.9047 4872.0 188
233.3112 4880.0 188
233.7012 4864.0 188
234.1077 4832.0 188
234.4977 4816.0 188
234.9042 4792.0 188
235.3107 4784.0 188
235.7007 4752.0 188
236.1072 4704.0 188
236.4972 4656.0 188
236.9037 4608.0 188
237.2937 4576.0 188
237.7002 4584.0 188
238.0902 4568.0 188
238.4967 4536.0 188
238.9032 4512.0 188
239.2932 4488.0 188
239.6997 4464.0 188
240.0897 4416.0 188
240.4962 4424.0 188
240.8862 4392.0 188
241.2927 4352.0 188
241.6827 4360.0 188
242.0892 4352.0 188
242.4957 4344.0 188
242.8857 4352.0 188
243.2922 4328.0 188
243.6823 4296.0 188
244.0887 4272.0 188
244.4843 4256.0 188
244.8853 4224.0 188
245.2808 4192.0 188
245.6873 4168.0 188
246.0773 4152.0 188
246.8903 4144.0 188
247.2803 4120.0 188
247.6868 4100.0 188
248.0768 4084.0 188
248.4833 4072.0 188
248.8733 4060.0 188
249.2798 4040.0 188
249.6698 4032.0 188
250.0763 4012.0 188
250.4828 3988.0 188
250.8728 3984.0 188
251.2793 3984.0 188
251.6693 3972.0 188
252.0758 3960.0 188
252.4658 3944.0 188
252.8723 3932.0 188
253.2623 3928.0 188
253.6688 3900.0 188
254.0753 3880.0 188
254.4653 3872.0 188
254.8718 3852.0 188
255.2618 3832.0 188
255.6683 3828.0 188
256.0583 3816.0 188
256.4648 3824.0 188
256.8549 3844.0 188
257.2614 3828.0 188
257.6678 3812.0 188
258.0743 3804.0 188
258.4808 3792.0 188
258.8873 3776.0 188
259.3103 3760.0 188
259.7168 3752.0 188
260.1233 3744.0 188
260.5463 3744.0 188
260.9528 3732.0 188
261.3593 3716.0 188
261.7603 3724.0 188
262.1832 3712.0 188
262.5897 3704.0 188
262.9962 3704.0 188
263.4192 3684.0 188
263.8257 3668.0 188
264.2322 3664.0 188
264.6387 3660.0 188
265.0616 3660.0 188
265.4681 3656.0 188
265.8746 3656.0 188
266.2921 3656.0 188
266.6986 3656.0 188
267.1051 3656.0 188
267.5281 3656.0 188
267.9346 3656.0 188
268.3411 3652.0 188
268.7476 3648.0 188
269.1705 3648.0 188
269.5770 3648.0 188
269.9835 3644.0 188
270.4010 3640.0 188
270.8075 3640.0 188
271.2140 3640.0 188
271.6205 3636.0 188
272.0435 3640.0 188
272.4500 3640.0 188
272.8564 3632.0 188
273.2794 3628.0 188
273.6859 3624.0 188
274.0924 3628.0 188
274.4989 3628.0 188
274.9219 3608.0 188
275.3229 3600.0 188
275.7294 3604.0 188
276.1523 3592.0 188
276.5588 3592.0 188
276.9653 3604.0 188
277.3883 3612.0 188
277.7948 3620.0 188
278.2013 3628.0 188
278.6078 3624.0 188
279.0308 3628.0 188
279.4373 3628.0 188
279.8438 3632.0 188
280.2612 3628.0 188
280.6677 3632.0 188
281.0742 3640.0 188
281.4807 3636.0 188
281.9037 3640.0 188
282.3102 3644.0 188
282.7167 3644.0 188
283.1396 3644.0 188
283.5461 3652.0 188
283.9526 3648.0 188
284.3591 3648.0 188
284.7766 3652.0 188
285.1831 3652.0 188
285.5896 3652.0 188
286.0126 3656.0 188
286.4191 3656.0 188
286.8256 3660.0 188
287.2321 3660.0 188
287.6550 3660.0 188
288.0615 3660.0 188
288.4680 3660.0 188
288.8855 3664.0 188
289.2920 3664.0 188
289.6985 3676.0 188
290.1215 3680.0 188
290.5280 3680.0 188
290.9344 3692.0 188
291.3409 3704.0 188
291.7639 3712.0 188
292.1704 3712.0 188
292.5769 3716.0 188
292.9999 3724.0 188
293.4009 3728.0 188
293.8074 3744.0 188
294.2139 3760.0 188
294.6368 3764.0 188
295.0433 3776.0 188
295.4498 3784.0 188
295.8728 3796.0 188
296.2793 3816.0 188
296.6858 3828.0 188
297.1088 3832.0 188
297.4988 3840.0 188
297.8888 3844.0 188
298.2788 3844.0 188
298.6688 3856.0 188
299.0588 3864.0 188
299.4489 3864.0 188
299.8389 3884.0 188
300.2344 3900.0 188
300.6244 3916.0 188
301.0144 3928.0 188
301.4044 3940.0 188
301.7944 3952.0 188
302.1844 3968.0 188
302.5745 3980.0 188
302.9645 3984.0 188
303.3545 3984.0 188
303.7500 4000.0 188
304.1400 4020.0 188
304.5300 4020.0 188
304.9200 4032.0 188
305.3101 4048.0 188
305.7001 4064.0 188
306.0901 4088.0 188
306.4966 4096.0 188
306.8866 4080.0 188
307.2766 4104.0 188
307.6666 4144.0 188
308.0621 4152.0 188
308.4521 4168.0 188
308.8422 4184.0 188
309.2322 4208.0 188
309.6222 4248.0 188
310.0122 4280.0 188
310.4022 4296.0 188
310.7922 4320.0 188
311.1823 4328.0 188
311.5778 4344.0 188
311.9678 4344.0 188
312.3578 4352.0 188
312.7478 4352.0 188
313.1378 4344.0 188
313.5278 4368.0 188
313.9178 4392.0 188
314.3079 4408.0 188
314.6979 4448.0 188
315.0934 4512.0 188
315.4834 4552.0 188
315.8899 4584.0 188
316.2799 4576.0 188
316.6699 4568.0 188
317.0599 4592.0 188
317.4500 4656.0 188
317.8400 4696.0 188
318.2300 4720.0 188
318.6200 4752.0 188
319.0155 4776.0 188
319.4055 4784.0 188
319.7955 4824.0 188
320.1855 4856.0 188
320.5756 4840.0 188
320.9656 4856.0 188
321.3556 4888.0 188
321.7456 4928.0 188
322.1356 5000.0 188
322.5311 5080.0 188
322.9211 5136.0 188
323.3112 5160.0 188
323.7012 5216.0 188
324.0912 5304.0 188
324.8712 5200.0 188
325.2612 5248.0 188
326.4478 5368.0 188
326.8433 5504.0 188
327.2333 5608.0 188
327.6233 5712.0 188
328.7933 6048.0 188
329.9634 6016.0 188
332.3090 6232.0 188
333.4790 6392.0 188
333.8745 6616.0 188
334.6710 6704.0 188
335.0610 6720.0 188
335.8575 6888.0 188
336.2640 6800.0 188
336.6541 6768.0 188
337.0605 6728.0 188
337.4506 6640.0 188
337.8571 6600.0 188
338.2471 6568.0 188
339.0436 6520.0 188
339.4501 6464.0 188
339.8401 6440.0 188
340.2466 6400.0 188
340.6366 6448.0 188
341.8396 6536.0 188
342.2296 6256.0 188
342.6361 6184.0 188
343.0261 6176.0 188
343.4326 6136.0 188
343.8281 6144.0 188
344.2291 6128.0 188
345.8276 6448.0 188
346.6241 6232.0 188
347.0142 6304.0 188
347.4207 6336.0 188
347.8107 6304.0 188
348.2172 6240.0 188
348.6072 6216.0 188
349.0137 6184.0 188
349.4037 6168.0 188
349.8102 6136.0 188
350.2002 6104.0 188
350.6067 6128.0 188
350.9967 6128.0 188
351.4032 6088.0 188
