PLIDAR SCAN DATA
#COUNT=1054
#Angule	Distance	Quality
356.1218 4096.0 188
356.3580 4120.0 188
356.5887 4144.0 188
356.8250 4152.0 188
357.0612 4152.0 188
357.2919 4152.0 188
357.5281 4136.0 188
357.7643 4144.0 188
357.9950 4144.0 188
358.2312 4136.0 188
358.4674 4144.0 188
358.6981 4136.0 188
358.9343 4136.0 188
359.1705 4144.0 188
359.4012 4136.0 188
359.6375 4176.0 188
359.8737 4184.0 188
0.1044 4144.0 188
0.3406 4144.0 188
0.5768 4128.0 188
0.8075 4120.0 188
1.0437 4120.0 188
1.2799 4112.0 188
1.5106 4112.0 188
1.7468 4104.0 188
1.9830 4112.0 188
2.2137 4120.0 188
2.4500 4128.0 188
2.6862 4120.0 188
2.9169 4136.0 188
3.1531 4136.0 188
3.3893 4136.0 188
3.6200 4136.0 188
3.8562 4120.0 188
4.0924 4128.0 188
4.3231 4128.0 188
4.5593 4152.0 188
4.7955 4160.0 188
5.0153 4144.0 188
5.2625 4152.0 188
5.4822 4160.0 188
5.7184 4168.0 188
5.9491 4176.0 188
6.1853 4192.0 188
6.4215 4176.0 188
6.6522 4160.0 188
6.8884 4160.0 188
7.1246 4168.0 188
7.3553 4160.0 188
7.5916 4168.0 188
7.8278 4184.0 188
8.0585 4184.0 188
8.2947 4176.0 188
8.5309 4176.0 188
8.7616 4200.0 188
8.9978 4192.0 188
9.2340 4200.0 188
9.4647 4208.0 188
9.7009 4216.0 188
9.9371 4216.0 188
10.1678 4208.0 188
10.4041 4192.0 188
10.6403 4192.0 188
10.8710 4200.0 188
11.0907 4184.0 188
11.3269 4192.0 188
11.5576 4216.0 188
11.7938 4216.0 188
12.0300 4232.0 188
12.2607 4224.0 188
12.4969 4208.0 188
12.7332 4216.0 188
12.9639 4224.0 188
13.2001 4224.0 188
13.4363 4232.0 188
13.6670 4248.0 188
13.9032 4264.0 188
14.1394 4272.0 188
14.3701 4248.0 188
14.6063 4240.0 188
14.8425 4264.0 188
15.0732 4288.0 188
15.7764 1274.0 188
16.0126 1270.0 188
16.2488 1262.0 188
16.4795 1256.0 188
16.6992 1254.0 188
16.9354 1254.0 188
17.1716 1258.0 188
17.8748 1144.0 188
18.1055 1130.0 188
18.3417 1118.0 188
18.5779 1106.0 188
18.8086 1088.0 188
19.2810 1082.0 188
20.6873 1036.0 188
20.9180 1040.0 188
21.1542 1044.0 188
21.3904 1046.0 188
21.6211 1048.0 188
21.8573 1050.0 188
22.0935 1052.0 188
22.3077 1054.0 188
22.5439 1056.0 188
22.7802 1058.0 188
23.0109 1056.0 188
23.2471 1064.0 188
23.4833 1076.0 188
23.7140 1076.0 188
23.9502 1076.0 188
24.1864 1076.0 188
24.4171 1078.0 188
24.6533 1082.0 188
24.8895 1086.0 188
25.1202 1090.0 188
25.3564 1088.0 188
25.5927 1088.0 188
25.8234 1088.0 188
26.0596 1090.0 188
26.2958 1094.0 188
26.5265 1098.0 188
26.7627 1102.0 188
26.9989 1104.0 188
27.2296 1106.0 188
27.4658 1108.0 188
27.7020 1108.0 188
27.9327 1110.0 188
28.1854 1114.0 188
28.4216 1118.0 188
28.6688 1122.0 188
28.9050 1122.0 188
29.1522 1124.0 188
29.3884 1126.0 188
29.6356 1130.0 188
29.8718 1132.0 188
30.1245 1136.0 188
30.3717 1140.0 188
30.6079 1142.0 188
30.8551 1146.0 188
31.0913 1148.0 188
31.3385 1150.0 188
31.5747 1152.0 188
31.8274 1154.0 188
32.0581 1156.0 188
32.3108 1160.0 188
32.5580 1166.0 188
32.7942 1168.0 188
33.0469 1170.0 188
33.2776 1174.0 188
33.5303 1178.0 188
33.7610 1180.0 188
34.0137 1182.0 188
34.2499 1186.0 188
34.4971 1190.0 188
34.7498 1194.0 188
34.9805 1198.0 188
35.2332 1202.0 188
35.4639 1204.0 188
35.7166 1206.0 188
35.9528 1210.0 188
36.2000 1214.0 188
36.4362 1220.0 188
36.6833 1222.0 188
36.9196 1226.0 188
37.1667 1230.0 188
37.4194 1232.0 188
37.6556 1236.0 188
37.9028 1240.0 188
38.1390 1244.0 188
38.3862 1248.0 188
38.6224 1252.0 188
38.8696 1258.0 188
39.1058 1262.0 188
39.3585 1264.0 188
39.6057 1270.0 188
39.8419 1274.0 188
40.0891 1278.0 188
40.3253 1284.0 188
40.5780 1288.0 188
40.8087 1290.0 188
41.0614 1296.0 188
41.2921 1300.0 188
41.5448 1304.0 188
41.7920 1310.0 188
42.0282 1312.0 188
42.2809 1316.0 188
42.5116 1322.0 188
42.7643 1326.0 188
42.9950 1332.0 188
43.2477 1338.0 188
43.4839 1344.0 188
43.7311 1348.0 188
44.9506 1352.0 188
45.1868 1342.0 188
45.4340 1336.0 188
45.6702 1332.0 188
45.9174 1328.0 188
46.1536 1324.0 188
46.4062 1318.0 188
46.6534 1314.0 188
47.3730 1294.0 188
47.6202 1282.0 188
47.8564 1284.0 188
48.1091 1272.0 188
48.3398 1258.0 188
48.5925 1262.0 188
48.8397 1266.0 188
49.0759 1260.0 188
49.3231 1258.0 188
49.5593 1254.0 188
49.8120 1250.0 188
50.0427 1244.0 188
50.2954 1238.0 188
50.5261 1234.0 188
50.7788 1230.0 188
51.0260 1226.0 188
51.2457 1220.0 188
51.4655 1216.0 188
51.6852 1214.0 188
51.9214 1208.0 188
52.1356 1202.0 188
52.3553 1198.0 188
52.5751 1194.0 188
52.8113 1190.0 188
53.0310 1186.0 188
53.2452 1184.0 188
53.4650 1180.0 188
53.7012 1174.0 188
53.9209 1172.0 188
54.1406 1168.0 188
54.3549 1164.0 188
54.5911 1158.0 188
54.8108 1154.0 188
55.0305 1152.0 188
55.2448 1152.0 188
55.4810 1148.0 188
55.7007 1144.0 188
55.9204 1140.0 188
56.1511 1136.0 188
56.3708 1130.0 188
56.5906 1128.0 188
56.8103 1126.0 188
57.0465 1122.0 188
57.2607 1118.0 188
57.4805 1112.0 188
57.7002 1110.0 188
57.9364 1108.0 188
58.1561 1106.0 188
58.3704 1104.0 188
58.5901 1102.0 188
58.8263 1096.0 188
59.0460 1090.0 188
59.2603 1088.0 188
59.4800 1086.0 188
59.7162 1086.0 188
59.9359 1086.0 188
60.1556 1082.0 188
60.3699 1080.0 188
60.6061 1076.0 188
60.8258 1076.0 188
61.0455 1074.0 188
61.2653 1070.0 188
61.4960 1064.0 188
61.7157 1060.0 188
61.9354 1058.0 188
62.1716 1058.0 188
62.3859 1058.0 188
62.6056 1054.0 188
62.8253 1050.0 188
63.0615 1048.0 188
63.2812 1046.0 188
63.4955 1042.0 188
63.7152 1038.0 188
63.9514 1036.0 188
64.1711 1034.0 188
64.3854 1032.0 188
64.6051 1032.0 188
64.8413 1030.0 188
65.0610 1028.0 188
65.2808 1026.0 188
65.4950 1024.0 188
65.7312 1022.0 188
65.9509 1018.0 188
66.1707 1016.0 188
66.3904 1016.0 188
66.6211 1012.0 188
66.8408 1010.0 188
67.0605 1008.0 188
67.2803 1004.0 188
67.5110 1004.0 188
67.7307 1004.0 188
67.9504 1002.0 188
68.1866 1000.0 188
68.4009 998.0 188
68.6206 998.0 188
68.8403 998.0 188
69.0765 992.0 188
69.2963 990.0 188
69.5105 990.0 188
69.7302 988.0 188
69.9664 988.0 188
70.1862 986.0 188
70.4059 984.0 188
70.6201 986.0 188
70.8563 986.0 188
71.0760 982.0 188
71.2958 978.0 188
71.5155 978.0 188
71.7462 974.0 188
71.9659 972.0 188
72.1857 974.0 188
72.4219 970.0 188
72.6526 966.0 188
72.8888 964.0 188
73.1250 966.0 188
73.3722 964.0 188
73.6084 964.0 188
73.8391 964.0 188
74.0918 964.0 188
74.3280 960.0 188
74.5587 962.0 188
74.7949 962.0 188
75.0421 958.0 188
75.2783 958.0 188
75.5145 954.0 188
75.7617 952.0 188
75.9979 952.0 188
76.2341 950.0 188
76.4648 954.0 188
76.7175 952.0 188
76.9482 950.0 188
77.1844 950.0 188
77.4371 946.0 188
77.6678 944.0 188
77.9041 944.0 188
78.1512 944.0 188
78.3875 944.0 188
78.6237 942.0 188
78.8544 942.0 188
79.1071 940.0 188
79.3433 940.0 188
79.5740 942.0 188
79.8267 940.0 188
80.0574 940.0 188
80.2936 940.0 188
80.5298 938.0 188
80.7770 938.0 188
81.0132 936.0 188
81.2494 938.0 188
81.4966 938.0 188
81.7328 940.0 188
81.9635 940.0 188
82.1997 936.0 188
82.4524 934.0 188
82.6831 932.0 188
82.9193 930.0 188
83.1665 930.0 188
83.4027 932.0 188
83.6389 932.0 188
83.8861 934.0 188
127.0624 1164.0 188
127.2931 1156.0 188
127.5293 1160.0 188
127.7655 1166.0 188
127.9962 1172.0 188
128.2324 1176.0 188
128.4686 1178.0 188
128.6993 1182.0 188
128.9355 1184.0 188
129.1718 1188.0 188
129.4025 1194.0 188
129.6387 1198.0 188
129.8749 1200.0 188
130.1056 1206.0 188
130.3418 1210.0 188
130.5780 1214.0 188
130.8087 1220.0 188
131.0449 1224.0 188
131.2811 1228.0 188
131.5118 1232.0 188
131.7480 1234.0 188
131.9843 1240.0 188
132.2150 1246.0 188
132.4512 1250.0 188
132.6874 1256.0 188
132.9181 1260.0 188
133.1543 1264.0 188
133.3905 1268.0 188
133.6212 1274.0 188
133.8574 1278.0 188
134.0936 1284.0 188
134.3243 1288.0 188
134.5605 1292.0 188
134.7968 1300.0 188
135.0275 1304.0 188
135.2637 1310.0 188
135.4999 1312.0 188
135.7306 1314.0 188
135.9668 1322.0 188
136.2030 1328.0 188
136.4337 1332.0 188
136.6699 1336.0 188
136.9061 1344.0 188
137.1368 1350.0 188
137.3730 1356.0 188
137.6093 1364.0 188
137.8400 1370.0 188
138.0762 1376.0 188
138.3124 1382.0 188
138.5431 1388.0 188
138.7793 1394.0 188
139.0155 1400.0 188
139.2462 1404.0 188
139.4824 1410.0 188
139.7186 1420.0 188
139.9493 1426.0 188
140.1855 1432.0 188
140.4218 1440.0 188
140.6525 1446.0 188
140.8887 1450.0 188
141.1249 1456.0 188
141.3556 1466.0 188
141.5918 1474.0 188
141.8280 1480.0 188
142.0587 1486.0 188
142.2949 1492.0 188
142.5311 1498.0 188
142.7783 1506.0 188
143.0145 1516.0 188
143.2452 1524.0 188
143.4814 1532.0 188
143.7177 1538.0 188
143.9484 1546.0 188
144.1846 1558.0 188
144.4208 1566.0 188
144.6515 1572.0 188
144.8877 1584.0 188
145.1404 1594.0 188
145.3711 1606.0 188
145.6073 1614.0 188
145.8435 1622.0 188
146.0742 1630.0 188
146.3104 1638.0 188
146.5466 1648.0 188
146.7773 1662.0 188
147.0135 1672.0 188
147.2498 1680.0 188
147.4805 1684.0 188
147.7332 1692.0 188
147.9639 1704.0 188
148.2001 1718.0 188
148.4363 1730.0 188
148.6670 1742.0 188
148.9032 1754.0 188
149.1394 1764.0 188
149.3701 1776.0 188
149.6063 1784.0 188
149.8425 1794.0 188
150.0732 1806.0 188
150.3259 1822.0 188
150.5621 1836.0 188
150.7928 1854.0 188
151.0291 1864.0 188
151.2653 1872.0 188
151.4960 1882.0 188
151.7322 1894.0 188
151.9684 1914.0 188
152.1991 1930.0 188
152.4353 1940.0 188
152.6825 1956.0 188
152.9187 1974.0 188
153.1549 1982.0 188
153.3856 1994.0 188
153.6218 2010.0 188
153.8580 2026.0 188
154.0887 2044.0 188
154.3250 2060.0 188
154.5612 2076.0 188
154.7919 2096.0 188
155.0281 2112.0 188
155.2808 2128.0 188
155.5115 2152.0 188
155.7477 2176.0 188
155.9839 2196.0 188
156.2146 2208.0 188
156.4508 2224.0 188
156.6870 2248.0 188
156.9177 2276.0 188
157.1539 2300.0 188
157.3901 2316.0 188
157.6208 2332.0 188
157.8735 2348.0 188
158.1042 2364.0 188
158.3405 2396.0 188
158.5767 2428.0 188
158.8074 2452.0 188
159.0436 2476.0 188
159.2798 2496.0 188
159.5105 2516.0 188
159.7467 2540.0 188
159.9829 2564.0 188
160.2301 2592.0 188
160.7025 2628.0 188
161.6364 7504.0 188
161.8726 7464.0 188
162.1088 7432.0 188
162.3395 7368.0 188
162.5757 7288.0 188
162.8229 7304.0 188
163.0591 7272.0 188
163.2953 7224.0 188
163.5425 7248.0 188
163.7787 7240.0 188
164.0149 7144.0 188
164.2621 7072.0 188
164.4983 7032.0 188
164.9817 7344.0 188
165.7013 7216.0 188
166.4209 7232.0 188
166.9043 286.0 188
167.1405 286.0 188
167.3712 287.0 188
167.6239 286.0 188
167.8546 282.0 188
168.1073 276.0 188
168.3435 273.0 188
168.5742 272.0 188
168.8269 272.0 188
169.0576 272.0 188
169.2938 272.0 188
169.5465 272.0 188
169.7772 272.0 188
170.0134 273.0 188
170.2606 274.0 188
170.4968 275.0 188
170.7495 276.0 188
170.9802 274.0 188
171.4636 257.0 188
171.6998 255.0 188
171.9360 253.0 188
172.1832 251.0 188
172.4194 250.0 188
172.6556 249.0 188
172.9028 247.0 188
173.1390 246.0 188
173.3862 245.0 188
173.6224 244.0 188
173.8586 243.0 188
174.1058 242.0 188
174.3420 241.0 188
174.5728 240.0 188
174.8254 239.0 188
175.0616 238.0 188
175.2924 238.0 188
175.5450 237.0 188
175.7812 236.0 188
176.0284 235.0 188
176.2646 235.0 188
176.4954 234.0 188
176.7480 234.0 188
176.9843 234.0 188
177.2150 234.0 188
177.4677 233.0 188
177.6984 233.0 188
177.9346 233.0 188
178.1873 233.0 188
178.4180 233.0 188
178.6707 233.0 188
178.9014 233.0 188
179.1376 233.0 188
179.3903 233.0 188
179.6210 232.0 188
179.8572 232.0 188
180.1044 232.0 188
180.3406 232.0 188
180.5768 233.0 188
180.8240 233.0 188
181.0602 232.0 188
181.3074 232.0 188
181.5436 232.0 188
181.7798 232.0 188
182.0270 232.0 188
182.2632 232.0 188
182.4994 233.0 188
182.7466 233.0 188
182.9828 233.0 188
183.2135 233.0 188
183.4662 233.0 188
183.7024 233.0 188
183.9496 233.0 188
184.1858 233.0 188
184.4165 233.0 188
184.6692 233.0 188
184.9054 233.0 188
185.1361 234.0 188
185.3888 234.0 188
185.6250 235.0 188
185.8722 235.0 188
186.1084 235.0 188
186.3391 235.0 188
186.5753 235.0 188
186.8115 236.0 188
187.0422 236.0 188
187.2784 236.0 188
187.5146 237.0 188
187.7618 237.0 188
187.9980 237.0 188
188.2343 238.0 188
188.4650 238.0 188
188.7012 238.0 188
188.9374 239.0 188
189.1681 240.0 188
189.4208 240.0 188
189.6515 241.0 188
189.8877 241.0 188
190.1239 241.0 188
190.3546 241.0 188
190.5908 242.0 188
190.8270 243.0 188
191.0577 243.0 188
191.3104 242.0 188
191.5466 242.0 188
191.7773 241.0 188
192.0135 239.0 188
192.2498 238.0 188
192.4805 237.0 188
192.7167 236.0 188
192.9639 237.0 188
193.2001 237.0 188
193.4363 237.0 188
193.6670 238.0 188
193.9032 238.0 188
194.3701 239.0 188
194.8590 241.0 188
195.0897 242.0 188
196.5125 255.0 188
196.7487 257.0 188
196.9794 258.0 188
197.2156 259.0 188
197.4518 260.0 188
197.6825 261.0 188
197.9187 261.0 188
198.1714 262.0 188
198.4021 263.0 188
198.6383 264.0 188
198.8745 265.0 188
199.1052 265.0 188
199.3414 267.0 188
199.5776 268.0 188
199.8083 268.0 188
200.0610 270.0 188
200.7642 272.0 188
214.9036 2052.0 188
215.1398 2012.0 188
215.3705 1972.0 188
215.6067 1950.0 188
215.8429 1950.0 188
216.0736 1948.0 188
216.3098 1944.0 188
216.5460 1950.0 188
216.7767 1950.0 188
217.0129 1956.0 188
217.2491 1958.0 188
217.4799 1946.0 188
217.7161 1946.0 188
217.9523 1946.0 188
218.1830 1952.0 188
218.4192 1964.0 188
218.6554 1966.0 188
218.8861 1964.0 188
219.1223 1968.0 188
219.3585 1980.0 188
219.5892 1984.0 188
219.8254 1994.0 188
220.0616 2002.0 188
220.2924 1998.0 188
220.5286 2006.0 188
220.7648 2018.0 188
220.9955 2034.0 188
221.2317 2036.0 188
221.4679 2030.0 188
221.6986 2028.0 188
221.9348 2034.0 188
222.1710 2046.0 188
222.4017 2056.0 188
222.6379 2064.0 188
222.8741 2072.0 188
223.1049 2088.0 188
223.3411 2100.0 188
224.0442 2124.0 188
226.3898 2688.0 188
226.6205 2692.0 188
226.8567 2688.0 188
227.0929 2668.0 188
227.3236 2652.0 188
227.5598 2640.0 188
228.9661 2592.0 188
229.2023 2556.0 188
229.4330 2548.0 188
229.6692 2528.0 188
230.3723 2528.0 188
231.0919 3700.0 188
231.3281 3688.0 188
231.5424 3672.0 188
231.7786 3680.0 188
232.0148 3692.0 188
232.4817 3688.0 188
232.7179 3120.0 188
232.9486 3088.0 188
233.1848 3084.0 188
233.4210 3092.0 188
233.6517 3092.0 188
233.8879 3056.0 188
234.1241 3028.0 188
234.3549 3016.0 188
234.5911 3000.0 188
234.8273 3000.0 188
235.0580 3004.0 188
235.2942 3012.0 188
235.5304 2996.0 188
235.7611 2976.0 188
235.9973 2952.0 188
236.2335 2924.0 188
236.4642 2908.0 188
236.7004 2892.0 188
236.9366 2888.0 188
237.1674 2884.0 188
237.4036 2876.0 188
237.6398 2876.0 188
237.8705 2872.0 188
238.1067 2868.0 188
238.3429 2868.0 188
238.5736 2864.0 188
238.8098 2860.0 188
239.0460 2864.0 188
239.2767 2868.0 188
239.5129 2868.0 188
239.7491 2868.0 188
239.9799 2880.0 188
240.2161 2896.0 188
240.9192 2940.0 188
245.3577 12840.0 188
245.5884 12792.0 188
245.8246 12744.0 188
246.0608 12704.0 188
246.5277 12664.0 188
249.1040 11288.0 188
249.3402 11304.0 188
250.5103 11312.0 188
250.7465 11312.0 188
251.4496 12296.0 188
252.1527 12168.0 188
252.3889 12152.0 188
252.8558 12112.0 188
254.7620 12072.0 188
254.9982 12056.0 188
255.2344 12040.0 188
255.4816 12056.0 188
255.7178 12064.0 188
256.4374 12056.0 188
256.6846 11984.0 188
256.9208 11920.0 188
257.1680 11928.0 188
257.4042 11920.0 188
257.6404 11888.0 188
257.8876 11896.0 188
258.1238 11904.0 188
258.3710 11896.0 188
258.6072 11888.0 188
260.7770 10856.0 188
261.0132 10872.0 188
261.2604 10888.0 188
261.4966 10904.0 188
262.2162 11752.0 188
262.6996 11808.0 188
262.9358 11752.0 188
263.1830 11784.0 188
263.6719 11824.0 188
264.6222 5192.0 188
264.8749 5240.0 188
265.1056 5256.0 188
265.3418 5248.0 188
265.5890 5248.0 188
265.8252 5232.0 188
266.0779 5240.0 188
266.3086 5256.0 188
266.5448 5240.0 188
266.7920 5248.0 188
267.0282 5280.0 188
267.2809 5288.0 188
267.5116 5272.0 188
267.7643 5264.0 188
267.9950 5280.0 188
268.2312 5272.0 188
268.4839 5256.0 188
268.7146 5256.0 188
268.9673 5264.0 188
269.1980 5288.0 188
269.4342 5320.0 188
269.6869 5344.0 188
269.9176 5344.0 188
270.1703 5384.0 188
271.6040 9888.0 188
273.0432 7504.0 188
273.2959 7384.0 188
273.5266 7344.0 188
273.7793 7336.0 188
274.0155 7272.0 188
274.2462 7288.0 188
274.4989 7296.0 188
275.9326 11600.0 188
276.1853 11576.0 188
276.6687 11528.0 188
277.3553 9840.0 188
279.4208 7640.0 188
279.8712 6704.0 188
280.1074 6592.0 188
280.5579 6096.0 188
280.7941 6016.0 188
281.0138 5888.0 188
281.2500 5728.0 188
281.4807 5640.0 188
282.1674 5280.0 188
282.8540 4832.0 188
283.0737 4760.0 188
283.3099 4736.0 188
283.5461 4656.0 188
283.7769 4592.0 188
283.9966 4512.0 188
284.2328 4416.0 188
284.4635 4352.0 188
284.6832 4288.0 188
284.9194 4208.0 188
285.1556 4128.0 188
285.3699 4068.0 188
285.6061 4016.0 188
285.8423 3952.0 188
286.0620 3868.0 188
286.2927 3804.0 188
286.5289 3768.0 188
286.7487 3708.0 188
286.9794 3660.0 188
287.2156 3608.0 188
287.4353 3552.0 188
287.6715 3528.0 188
287.9022 3488.0 188
288.3582 3348.0 188
288.5889 3304.0 188
288.8086 3248.0 188
289.0448 3220.0 188
289.2810 3172.0 188
289.4952 3132.0 188
289.7314 3096.0 188
289.9677 3052.0 188
290.1874 3008.0 188
290.4181 2960.0 188
290.6543 2920.0 188
290.8740 2896.0 188
291.1047 2872.0 188
291.3409 2852.0 188
291.5771 2812.0 188
291.7969 2764.0 188
292.0276 2728.0 188
292.2638 2700.0 188
292.4835 2688.0 188
292.7142 2652.0 188
292.9504 2620.0 188
293.1702 2596.0 188
293.4009 2560.0 188
293.6371 2536.0 188
293.8568 2516.0 188
294.0930 2496.0 188
294.3237 2472.0 188
294.5435 2448.0 188
294.7797 2432.0 188
295.0104 2408.0 188
295.2301 2380.0 188
295.4663 2360.0 188
295.7025 2340.0 188
295.9167 2328.0 188
296.1530 2312.0 188
296.3892 2288.0 188
296.6089 2260.0 188
296.8396 2236.0 188
297.0758 2220.0 188
297.2955 2208.0 188
297.5262 2192.0 188
297.7625 2172.0 188
297.9822 2152.0 188
298.2184 2128.0 188
298.4491 2112.0 188
298.6853 2100.0 188
298.9050 2084.0 188
299.1357 2072.0 188
299.3719 2052.0 188
299.6082 2032.0 188
299.8279 2022.0 188
300.0586 2006.0 188
300.2948 1996.0 188
300.5310 1980.0 188
300.7452 1966.0 188
300.9814 1958.0 188
301.2177 1944.0 188
301.4484 1930.0 188
301.6681 1914.0 188
301.9043 1896.0 188
302.1405 1884.0 188
302.3712 1874.0 188
302.5909 1868.0 188
302.8271 1858.0 188
303.0579 1842.0 188
303.2941 1826.0 188
303.5138 1816.0 188
303.7500 1804.0 188
303.9807 1794.0 188
304.2169 1780.0 188
304.4531 1766.0 188
304.6674 1758.0 188
304.9036 1748.0 188
305.1398 1736.0 188
305.3705 1726.0 188
305.5902 1714.0 188
305.8264 1700.0 188
306.0571 1690.0 188
306.2933 1686.0 188
306.5131 1680.0 188
306.7493 1670.0 188
306.9800 1660.0 188
307.2162 1650.0 188
307.4359 1642.0 188
307.6666 1632.0 188
307.9028 1626.0 188
308.1390 1620.0 188
308.3588 1608.0 188
308.5895 1598.0 188
308.8257 1588.0 188
309.0619 1578.0 188
309.2761 1572.0 188
309.5123 1566.0 188
309.7485 1554.0 188
309.9792 1544.0 188
310.2155 1538.0 188
310.4352 1530.0 188
310.6714 1524.0 188
310.9021 1518.0 188
311.1383 1512.0 188
311.3580 1504.0 188
311.5887 1496.0 188
311.8250 1490.0 188
312.0612 1482.0 188
312.2809 1476.0 188
312.5116 1470.0 188
312.7478 1464.0 188
312.9840 1456.0 188
313.1982 1450.0 188
313.4344 1444.0 188
313.6707 1438.0 188
313.9014 1432.0 188
314.1211 1424.0 188
314.3573 1422.0 188
314.5935 1416.0 188
314.8242 1408.0 188
315.0439 1402.0 188
315.2802 1398.0 188
315.5109 1394.0 188
315.7471 1386.0 188
315.9833 1378.0 188
316.2030 1374.0 188
316.4337 1370.0 188
316.6699 1362.0 188
316.9061 1358.0 188
317.1204 1354.0 188
317.3566 1348.0 188
317.5928 1340.0 188
317.8235 1334.0 188
318.0432 1332.0 188
318.2794 1326.0 188
318.5156 1322.0 188
318.7463 1318.0 188
318.9661 1314.0 188
319.2023 1310.0 188
319.4330 1308.0 188
319.6692 1302.0 188
319.8889 1294.0 188
320.1196 1288.0 188
320.3558 1284.0 188
320.5920 1278.0 188
320.8228 1274.0 188
321.0590 1272.0 188
321.2952 1266.0 188
321.5424 1262.0 188
321.7786 1258.0 188
322.0148 1254.0 188
322.2620 1252.0 188
322.4982 1248.0 188
322.7344 1240.0 188
322.9816 1236.0 188
323.2178 1232.0 188
323.4485 1230.0 188
323.7012 1226.0 188
323.9374 1222.0 188
324.1681 1218.0 188
324.4208 1212.0 188
324.6515 1208.0 188
324.9042 1206.0 188
325.1404 1202.0 188
325.3711 1200.0 188
325.6238 1194.0 188
325.8545 1190.0 188
326.0907 1186.0 188
326.3434 1184.0 188
326.5741 1180.0 188
326.8103 1178.0 188
327.0575 1164.0 188
327.2937 1148.0 188
328.0133 1148.0 188
328.7329 1144.0 188
328.9801 1142.0 188
329.2163 1138.0 188
329.4525 1134.0 188
329.6997 1130.0 188
329.9359 1128.0 188
330.1666 1126.0 188
330.4193 1126.0 188
330.6555 1132.0 188
330.8862 1138.0 188
332.3419 1152.0 188
332.5781 1164.0 188
332.8088 1170.0 188
333.0615 1180.0 188
333.2922 1188.0 188
333.5284 1198.0 188
333.7811 1208.0 188
334.0118 1216.0 188
334.2480 1222.0 188
334.4952 1236.0 188
336.8903 6768.0 188
337.3737 6848.0 188
337.6044 6712.0 188
337.8571 6816.0 188
338.0933 6896.0 188
338.5767 7208.0 188
338.8074 7296.0 188
339.5270 7728.0 188
340.0104 7680.0 188
340.2466 7720.0 188
340.4993 7824.0 188
340.7300 7912.0 188
340.9662 7952.0 188
341.6858 8296.0 188
342.4054 8440.0 188
342.6526 8648.0 188
343.1250 8880.0 188
345.9485 10256.0 188

